date,cases,daily_change
2020-01-22,0,
2020-01-23,0,0.0
2020-01-24,0,0.0
2020-01-25,0,0.0
2020-01-26,0,0.0
2020-01-27,0,0.0
2020-01-28,0,0.0
2020-01-29,0,0.0
2020-01-30,0,0.0
2020-01-31,0,0.0
2020-02-01,0,0.0
2020-02-02,0,0.0
2020-02-03,0,0.0
2020-02-04,0,0.0
2020-02-05,0,0.0
2020-02-06,0,0.0
2020-02-07,0,0.0
2020-02-08,0,0.0
2020-02-09,0,0.0
2020-02-10,0,0.0
2020-02-11,0,0.0
2020-02-12,0,0.0
2020-02-13,0,0.0
2020-02-14,0,0.0
2020-02-15,0,0.0
2020-02-16,0,0.0
2020-02-17,0,0.0
2020-02-18,0,0.0
2020-02-19,0,0.0
2020-02-20,0,0.0
2020-02-21,0,0.0
2020-02-22,0,0.0
2020-02-23,0,0.0
2020-02-24,0,0.0
2020-02-25,0,0.0
2020-02-26,0,0.0
2020-02-27,0,0.0
2020-02-28,0,0.0
2020-02-29,0,0.0
2020-03-01,0,0.0
2020-03-02,1,1.0
2020-03-03,1,0.0
2020-03-04,1,0.0
2020-03-05,5,4.0
2020-03-06,5,0.0
2020-03-07,5,0.0
2020-03-08,11,6.0
2020-03-09,15,4.0
2020-03-10,20,5.0
2020-03-11,21,1.0
2020-03-12,45,24.0
2020-03-13,86,41.0
2020-03-14,103,17.0
2020-03-15,103,0.0
2020-03-16,118,15.0
2020-03-17,171,53.0
2020-03-18,171,0.0
2020-03-19,274,103.0
2020-03-20,344,70.0
2020-03-21,392,48.0
2020-03-22,511,119.0
2020-03-23,562,51.0
2020-03-24,767,205.0
2020-03-25,900,133.0
2020-03-26,1012,112.0
2020-03-27,1104,92.0
2020-03-28,1203,99.0
2020-03-29,1299,96.0
2020-03-30,1453,154.0
2020-03-31,1563,110.0
2020-04-01,1720,157.0
2020-04-02,1885,165.0
2020-04-03,2039,154.0
2020-04-04,2179,140.0
2020-04-05,2402,223.0
2020-04-06,2605,203.0
2020-04-07,2795,190.0
2020-04-08,2932,137.0
2020-04-09,3287,355.0
2020-04-10,3651,364.0
2020-04-11,4033,382.0
2020-04-12,4462,429.0
2020-04-13,4934,472.0
2020-04-14,5369,435.0
2020-04-15,5862,493.0
2020-04-16,6380,518.0
2020-04-17,7142,762.0
2020-04-18,8274,1132.0
2020-04-19,9362,1088.0
2020-04-20,10484,1122.0
2020-04-21,11631,1147.0
2020-04-22,12772,1141.0
2020-04-23,13930,1158.0
2020-04-24,15102,1172.0
2020-04-25,16299,1197.0
2020-04-26,17522,1223.0
2020-04-27,18811,1289.0
2020-04-28,20077,1266.0
2020-04-29,21402,1325.0
2020-04-30,22753,1351.0
2020-05-01,24097,1344.0
2020-05-02,25459,1362.0
2020-05-03,27011,1552.0
2020-05-04,28656,1645.0
2020-05-05,30251,1595.0
2020-05-06,31938,1687.0
2020-05-07,33731,1793.0
2020-05-08,35432,1701.0
2020-05-09,37136,1704.0
2020-05-10,39048,1912.0
2020-05-11,41014,1966.0
2020-05-12,42925,1911.0
2020-05-13,44830,1905.0
2020-05-14,46869,2039.0
2020-05-15,49176,2307.0
2020-05-16,52016,2840.0
2020-05-17,54752,2736.0
2020-05-18,57345,2593.0
2020-05-19,59854,2509.0
2020-05-20,62545,2691.0
2020-05-21,65077,2532.0
2020-05-22,67719,2642.0
2020-05-23,70161,2442.0
2020-05-24,72560,2399.0
2020-05-25,74795,2235.0
2020-05-26,76726,1931.0
2020-05-27,78541,1815.0
2020-05-28,80185,1644.0
2020-05-29,81766,1581.0
2020-05-30,83384,1618.0
2020-05-31,85261,1877.0
2020-06-01,87142,1881.0
2020-06-02,89011,1869.0
2020-06-03,91182,2171.0
2020-06-04,93157,1975.0
2020-06-05,95748,2591.0
2020-06-06,98869,3121.0
2020-06-07,101914,3045.0
2020-06-08,105283,3369.0
2020-06-09,108571,3288.0
2020-06-10,112288,3717.0
2020-06-11,116021,3733.0
2020-06-12,119942,3921.0
2020-06-13,123308,3366.0
2020-06-14,127541,4233.0
2020-06-15,132048,4507.0
2020-06-16,136315,4267.0
2020-06-17,141234,4919.0
2020-06-18,145991,4757.0
2020-06-19,150292,4301.0
2020-06-20,154233,3941.0
2020-06-21,157612,3379.0
2020-06-22,161005,3393.0
2020-06-23,164144,3139.0
2020-06-24,167267,3123.0
2020-06-25,170639,3372.0
2020-06-26,174577,3938.0
2020-06-27,178504,3927.0
2020-06-28,182493,3989.0
2020-06-29,186436,3943.0
2020-06-30,190823,4387.0
2020-07-01,194225,3402.0
2020-07-02,197608,3383.0
2020-07-03,201801,4193.0
2020-07-04,205929,4128.0
2020-07-05,209509,3580.0
2020-07-06,213716,4207.0
2020-07-07,217108,3392.0
2020-07-08,220144,3036.0
2020-07-09,223327,3183.0
2020-07-10,226486,3159.0
2020-07-11,229480,2994.0
2020-07-12,232259,2779.0
2020-07-13,235111,2852.0
2020-07-14,237803,2692.0
2020-07-15,240474,2671.0
2020-07-16,243238,2764.0
2020-07-17,245851,2613.0
2020-07-18,248416,2565.0
2020-07-19,250920,2504.0
2020-07-20,253349,2429.0
2020-07-21,255825,2476.0
2020-07-22,258156,2331.0
2020-07-23,260394,2238.0
2020-07-24,262772,2378.0
2020-07-25,264973,2201.0
2020-07-26,266941,1968.0
2020-07-27,268934,1993.0
2020-07-28,270831,1897.0
2020-07-29,272590,1759.0
2020-07-30,274219,1629.0
2020-07-31,275905,1686.0
2020-08-01,277478,1573.0
2020-08-02,278835,1357.0
2020-08-03,280093,1258.0
2020-08-04,281456,1363.0
2020-08-05,282824,1368.0
2020-08-06,284226,1402.0
2020-08-07,285793,1567.0
2020-08-08,287262,1469.0
2020-08-09,288690,1428.0
2020-08-10,289947,1257.0
2020-08-11,291468,1521.0
2020-08-12,293037,1569.0
2020-08-13,294519,1482.0
2020-08-14,295902,1383.0
2020-08-15,297315,1413.0
2020-08-16,298542,1227.0
2020-08-17,299914,1372.0
2020-08-18,301323,1409.0
2020-08-19,302686,1363.0
2020-08-20,303973,1287.0
2020-08-21,305186,1213.0
2020-08-22,306370,1184.0
2020-08-23,307479,1109.0
2020-08-24,308654,1175.0
2020-08-25,309768,1114.0
2020-08-26,310836,1068.0
2020-08-27,311855,1019.0
2020-08-28,312924,1069.0
2020-08-29,313911,987.0
2020-08-30,314821,910.0
2020-08-31,315772,951.0
2020-09-01,316670,898.0
2020-09-02,317486,816.0
2020-09-03,318319,833.0
2020-09-04,319141,822.0
2020-09-05,319932,791.0
2020-09-06,320688,756.0
2020-09-07,321456,768.0
2020-09-08,322237,781.0
2020-09-09,323012,775.0
2020-09-10,323720,708.0
2020-09-11,324407,687.0
2020-09-12,325050,643.0
2020-09-13,325651,601.0
2020-09-14,326258,607.0
2020-09-15,326930,672.0
2020-09-16,327551,621.0
2020-09-17,328144,593.0
2020-09-18,328720,576.0
2020-09-19,329271,551.0
2020-09-20,329754,483.0
2020-09-21,330246,492.0
2020-09-22,330798,552.0
2020-09-23,331359,561.0
2020-09-24,331857,498.0
2020-09-25,332329,472.0
2020-09-26,332790,461.0
2020-09-27,333193,403.0
2020-09-28,333648,455.0
2020-09-29,334187,539.0
2020-09-30,334605,418.0
2020-10-01,335097,492.0
2020-10-02,335578,481.0
2020-10-03,335997,419.0
2020-10-04,336387,390.0
2020-10-05,336766,379.0
2020-10-06,337243,477.0
2020-10-07,337711,468.0
2020-10-08,338132,421.0
2020-10-09,338539,407.0
2020-10-10,338944,405.0
2020-10-11,339267,323.0
2020-10-12,339615,348.0
2020-10-13,340089,474.0
2020-10-14,340590,501.0
2020-10-15,341062,472.0
2020-10-16,341495,433.0
2020-10-17,341854,359.0
2020-10-18,342202,348.0
2020-10-19,342583,381.0
2020-10-20,342968,385.0
2020-10-21,343373,405.0
2020-10-22,343774,401.0
2020-10-23,344157,383.0
2020-10-24,344552,395.0
2020-10-25,344875,323.0
2020-10-26,345232,357.0
2020-10-27,345631,399.0
2020-10-28,346047,416.0
2020-10-29,346482,435.0
2020-10-30,346880,398.0
2020-10-31,347282,402.0
2020-11-01,347656,374.0
2020-11-02,348037,381.0
2020-11-03,348510,473.0
2020-11-04,348936,426.0
2020-11-05,349386,450.0
2020-11-06,349822,436.0
2020-11-07,350229,407.0
2020-11-08,350592,363.0
2020-11-09,350984,392.0
2020-11-10,351455,471.0
2020-11-11,351849,394.0
2020-11-12,352160,311.0
2020-11-13,352601,441.0
2020-11-14,352950,349.0
2020-11-15,353255,305.0
2020-11-16,353556,301.0
2020-11-17,353918,362.0
2020-11-18,354208,290.0
2020-11-19,354527,319.0
2020-11-20,354813,286.0
2020-11-21,355034,221.0
2020-11-22,355258,224.0
2020-11-23,355489,231.0
2020-11-24,355741,252.0
2020-11-25,356067,326.0
2020-11-26,356389,322.0
2020-11-27,356691,302.0
2020-11-28,356911,220.0
2020-11-29,357128,217.0
2020-11-30,357360,232.0
2020-12-01,357623,263.0
2020-12-02,357872,249.0
2020-12-03,358102,230.0
