date,cases,daily_change
2020-01-22,0,
2020-01-23,0,0.0
2020-01-24,0,0.0
2020-01-25,3,3.0
2020-01-26,4,1.0
2020-01-27,4,0.0
2020-01-28,4,0.0
2020-01-29,7,3.0
2020-01-30,8,1.0
2020-01-31,8,0.0
2020-02-01,8,0.0
2020-02-02,8,0.0
2020-02-03,8,0.0
2020-02-04,10,2.0
2020-02-05,12,2.0
2020-02-06,12,0.0
2020-02-07,12,0.0
2020-02-08,16,4.0
2020-02-09,16,0.0
2020-02-10,18,2.0
2020-02-11,18,0.0
2020-02-12,18,0.0
2020-02-13,19,1.0
2020-02-14,19,0.0
2020-02-15,22,3.0
2020-02-16,22,0.0
2020-02-17,22,0.0
2020-02-18,22,0.0
2020-02-19,22,0.0
2020-02-20,22,0.0
2020-02-21,22,0.0
2020-02-22,22,0.0
2020-02-23,22,0.0
2020-02-24,22,0.0
2020-02-25,22,0.0
2020-02-26,22,0.0
2020-02-27,23,1.0
2020-02-28,23,0.0
2020-02-29,25,2.0
2020-03-01,29,4.0
2020-03-02,29,0.0
2020-03-03,36,7.0
2020-03-04,50,14.0
2020-03-05,50,0.0
2020-03-06,83,33.0
2020-03-07,93,10.0
2020-03-08,99,6.0
2020-03-09,117,18.0
2020-03-10,129,12.0
2020-03-11,149,20.0
2020-03-12,149,0.0
2020-03-13,197,48.0
2020-03-14,238,41.0
2020-03-15,428,190.0
2020-03-16,566,138.0
2020-03-17,673,107.0
2020-03-18,790,117.0
2020-03-19,900,110.0
2020-03-20,1030,130.0
2020-03-21,1183,153.0
2020-03-22,1306,123.0
2020-03-23,1518,212.0
2020-03-24,1624,106.0
2020-03-25,1796,172.0
2020-03-26,2031,235.0
2020-03-27,2161,130.0
2020-03-28,2320,159.0
2020-03-29,2470,150.0
2020-03-30,2626,156.0
2020-03-31,2766,140.0
2020-04-01,2908,142.0
2020-04-02,3116,208.0
2020-04-03,3333,217.0
2020-04-04,3483,150.0
2020-04-05,3662,179.0
2020-04-06,3793,131.0
2020-04-07,3963,170.0
2020-04-08,4119,156.0
2020-04-09,4228,109.0
2020-04-10,4346,118.0
2020-04-11,4530,184.0
2020-04-12,4683,153.0
2020-04-13,4817,134.0
2020-04-14,4987,170.0
2020-04-15,5072,85.0
2020-04-16,5182,110.0
2020-04-17,5251,69.0
2020-04-18,5305,54.0
2020-04-19,5389,84.0
2020-04-20,5425,36.0
2020-04-21,5482,57.0
2020-04-22,5532,50.0
2020-04-23,5603,71.0
2020-04-24,5691,88.0
2020-04-25,5742,51.0
2020-04-26,5780,38.0
2020-04-27,5820,40.0
2020-04-28,5851,31.0
2020-04-29,5945,94.0
2020-04-30,6002,57.0
2020-05-01,6071,69.0
2020-05-02,6176,105.0
2020-05-03,6298,122.0
2020-05-04,6353,55.0
2020-05-05,6383,30.0
2020-05-06,6428,45.0
2020-05-07,6467,39.0
2020-05-08,6535,68.0
2020-05-09,6589,54.0
2020-05-10,6656,67.0
2020-05-11,6726,70.0
2020-05-12,6742,16.0
2020-05-13,6779,37.0
2020-05-14,6819,40.0
2020-05-15,6855,36.0
2020-05-16,6872,17.0
2020-05-17,6894,22.0
2020-05-18,6941,47.0
2020-05-19,6978,37.0
2020-05-20,7009,31.0
2020-05-21,7059,50.0
2020-05-22,7137,78.0
2020-05-23,7185,48.0
2020-05-24,7245,60.0
2020-05-25,7417,172.0
2020-05-26,7604,187.0
2020-05-27,7619,15.0
2020-05-28,7629,10.0
2020-05-29,7732,103.0
2020-05-30,7762,30.0
2020-05-31,7819,57.0
2020-06-01,7857,38.0
2020-06-02,7877,20.0
2020-06-03,7970,93.0
2020-06-04,8247,277.0
2020-06-05,8266,19.0
2020-06-06,8303,37.0
2020-06-07,8322,19.0
2020-06-08,8329,7.0
2020-06-09,8336,7.0
2020-06-10,8338,2.0
2020-06-11,8369,31.0
2020-06-12,8402,33.0
2020-06-13,8445,43.0
2020-06-14,8453,8.0
2020-06-15,8494,41.0
2020-06-16,8505,11.0
2020-06-17,8515,10.0
2020-06-18,8529,14.0
2020-06-19,8535,6.0
2020-06-20,8556,21.0
2020-06-21,8572,16.0
2020-06-22,8587,15.0
2020-06-23,8590,3.0
2020-06-24,8596,6.0
2020-06-25,8600,4.0
2020-06-26,8606,6.0
2020-06-27,8616,10.0
2020-06-28,8634,18.0
2020-06-29,8637,3.0
2020-06-30,8639,2.0
2020-07-01,8640,1.0
2020-07-02,8643,3.0
2020-07-03,8648,5.0
2020-07-04,8658,10.0
2020-07-05,8663,5.0
2020-07-06,8668,5.0
2020-07-07,8674,6.0
2020-07-08,8677,3.0
2020-07-09,8683,6.0
2020-07-10,8696,13.0
2020-07-11,8704,8.0
2020-07-12,8718,14.0
2020-07-13,8725,7.0
2020-07-14,8729,4.0
2020-07-15,8734,5.0
2020-07-16,8737,3.0
2020-07-17,8755,18.0
2020-07-18,8764,9.0
2020-07-19,8779,15.0
2020-07-20,8800,21.0
2020-07-21,8815,15.0
2020-07-22,8831,16.0
2020-07-23,8840,9.0
2020-07-24,8861,21.0
2020-07-25,8884,23.0
2020-07-26,8897,13.0
2020-07-27,8904,7.0
2020-07-28,8943,39.0
2020-07-29,8956,13.0
2020-07-30,8964,8.0
2020-07-31,8976,12.0
2020-08-01,8985,9.0
2020-08-02,8999,14.0
2020-08-03,9001,2.0
2020-08-04,9002,1.0
2020-08-05,9023,21.0
2020-08-06,9038,15.0
2020-08-07,9063,25.0
2020-08-08,9070,7.0
2020-08-09,9083,13.0
2020-08-10,9094,11.0
2020-08-11,9103,9.0
2020-08-12,9114,11.0
2020-08-13,9129,15.0
2020-08-14,9149,20.0
2020-08-15,9175,26.0
2020-08-16,9200,25.0
2020-08-17,9212,12.0
2020-08-18,9219,7.0
2020-08-19,9235,16.0
2020-08-20,9240,5.0
2020-08-21,9249,9.0
2020-08-22,9257,8.0
2020-08-23,9267,10.0
2020-08-24,9274,7.0
2020-08-25,9285,11.0
2020-08-26,9291,6.0
2020-08-27,9296,5.0
2020-08-28,9306,10.0
2020-08-29,9317,11.0
2020-08-30,9334,17.0
2020-08-31,9340,6.0
2020-09-01,9354,14.0
2020-09-02,9360,6.0
2020-09-03,9374,14.0
2020-09-04,9385,11.0
2020-09-05,9391,6.0
2020-09-06,9397,6.0
2020-09-07,9459,62.0
2020-09-08,9559,100.0
2020-09-09,9583,24.0
2020-09-10,9628,45.0
2020-09-11,9810,182.0
2020-09-12,9868,58.0
2020-09-13,9915,47.0
2020-09-14,9946,31.0
2020-09-15,9969,23.0
2020-09-16,10031,62.0
2020-09-17,10052,21.0
2020-09-18,10147,95.0
2020-09-19,10167,20.0
2020-09-20,10219,52.0
2020-09-21,10276,57.0
2020-09-22,10358,82.0
2020-09-23,10505,147.0
2020-09-24,10576,71.0
2020-09-25,10687,111.0
2020-09-26,10769,82.0
2020-09-27,10919,150.0
2020-09-28,11034,115.0
2020-09-29,11135,101.0
2020-09-30,11224,89.0
2020-10-01,11484,260.0
2020-10-02,11771,287.0
2020-10-03,12088,317.0
2020-10-04,12381,293.0
2020-10-05,12813,432.0
2020-10-06,13504,691.0
2020-10-07,13993,489.0
2020-10-08,14368,375.0
2020-10-09,14722,354.0
2020-10-10,15096,374.0
2020-10-11,15657,561.0
2020-10-12,16220,563.0
2020-10-13,16880,660.0
2020-10-14,17540,660.0
2020-10-15,18129,589.0
2020-10-16,18758,629.0
2020-10-17,19627,869.0
2020-10-18,20498,871.0
2020-10-19,21363,865.0
2020-10-20,22225,862.0
2020-10-21,22957,732.0
2020-10-22,23804,847.0
2020-10-23,24514,710.0
2020-10-24,25742,1228.0
2020-10-25,26565,823.0
2020-10-26,27805,1240.0
2020-10-27,28640,835.0
2020-10-28,29441,801.0
2020-10-29,30090,649.0
2020-10-30,30889,799.0
2020-10-31,31548,659.0
2020-11-01,32505,957.0
2020-11-02,33339,834.0
2020-11-03,34393,1054.0
2020-11-04,35425,1032.0
2020-11-05,36434,1009.0
2020-11-06,38189,1755.0
2020-11-07,39357,1168.0
2020-11-08,40209,852.0
2020-11-09,41181,972.0
2020-11-10,42050,869.0
2020-11-11,42872,822.0
2020-11-12,43791,919.0
2020-11-13,45095,1304.0
2020-11-14,46209,1114.0
2020-11-15,47417,1208.0
2020-11-16,48520,1103.0
2020-11-17,49730,1210.0
2020-11-18,50390,660.0
2020-11-19,51680,1290.0
2020-11-20,52638,958.0
2020-11-21,53679,1041.0
2020-11-22,54775,1096.0
2020-11-23,56659,1884.0
2020-11-24,58847,2188.0
2020-11-25,59817,970.0
2020-11-26,60752,935.0
2020-11-27,61861,1109.0
2020-11-28,63176,1315.0
2020-11-29,64485,1309.0
2020-11-30,65697,1212.0
2020-12-01,67169,1472.0
2020-12-02,68020,851.0
2020-12-03,69095,1075.0
