date,cases,daily_change
2020-01-22,0,
2020-01-23,0,0.0
2020-01-24,0,0.0
2020-01-25,0,0.0
2020-01-26,0,0.0
2020-01-27,0,0.0
2020-01-28,0,0.0
2020-01-29,0,0.0
2020-01-30,0,0.0
2020-01-31,0,0.0
2020-02-01,0,0.0
2020-02-02,0,0.0
2020-02-03,0,0.0
2020-02-04,0,0.0
2020-02-05,0,0.0
2020-02-06,0,0.0
2020-02-07,0,0.0
2020-02-08,0,0.0
2020-02-09,0,0.0
2020-02-10,0,0.0
2020-02-11,0,0.0
2020-02-12,0,0.0
2020-02-13,0,0.0
2020-02-14,0,0.0
2020-02-15,0,0.0
2020-02-16,0,0.0
2020-02-17,0,0.0
2020-02-18,0,0.0
2020-02-19,0,0.0
2020-02-20,0,0.0
2020-02-21,0,0.0
2020-02-22,0,0.0
2020-02-23,0,0.0
2020-02-24,0,0.0
2020-02-25,0,0.0
2020-02-26,0,0.0
2020-02-27,1,1.0
2020-02-28,1,0.0
2020-02-29,3,2.0
2020-03-01,4,1.0
2020-03-02,4,0.0
2020-03-03,6,2.0
2020-03-04,11,5.0
2020-03-05,11,0.0
2020-03-06,24,13.0
2020-03-07,24,0.0
2020-03-08,37,13.0
2020-03-09,92,55.0
2020-03-10,264,172.0
2020-03-11,444,180.0
2020-03-12,617,173.0
2020-03-13,804,187.0
2020-03-14,836,32.0
2020-03-15,875,39.0
2020-03-16,933,58.0
2020-03-17,1025,92.0
2020-03-18,1116,91.0
2020-03-19,1225,109.0
2020-03-20,1337,112.0
2020-03-21,1420,83.0
2020-03-22,1514,94.0
2020-03-23,1572,58.0
2020-03-24,1718,146.0
2020-03-25,1862,144.0
2020-03-26,2023,161.0
2020-03-27,2200,177.0
2020-03-28,2366,166.0
2020-03-29,2564,198.0
2020-03-30,2755,191.0
2020-03-31,3039,284.0
2020-04-01,3290,251.0
2020-04-02,3573,283.0
2020-04-03,3946,373.0
2020-04-04,4269,323.0
2020-04-05,4561,292.0
2020-04-06,4875,314.0
2020-04-07,5266,391.0
2020-04-08,5597,331.0
2020-04-09,5830,233.0
2020-04-10,6014,184.0
2020-04-11,6191,177.0
2020-04-12,6369,178.0
2020-04-13,6513,144.0
2020-04-14,6706,193.0
2020-04-15,6876,170.0
2020-04-16,7074,198.0
2020-04-17,7268,194.0
2020-04-18,7437,169.0
2020-04-19,7580,143.0
2020-04-20,7711,131.0
2020-04-21,7891,180.0
2020-04-22,8108,217.0
2020-04-23,8271,163.0
2020-04-24,8408,137.0
2020-04-25,8643,235.0
2020-04-26,8773,130.0
2020-04-27,8896,123.0
2020-04-28,9049,153.0
2020-04-29,9206,157.0
2020-04-30,9356,150.0
2020-05-01,9509,153.0
2020-05-02,9605,96.0
2020-05-03,9721,116.0
2020-05-04,9868,147.0
2020-05-05,10019,151.0
2020-05-06,10136,117.0
2020-05-07,10281,145.0
2020-05-08,10416,135.0
2020-05-09,10517,101.0
2020-05-10,10627,110.0
2020-05-11,10711,84.0
2020-05-12,10789,78.0
2020-05-13,10865,76.0
2020-05-14,10911,46.0
2020-05-15,10989,78.0
2020-05-16,11056,67.0
2020-05-17,11125,69.0
2020-05-18,11166,41.0
2020-05-19,11242,76.0
2020-05-20,11315,73.0
2020-05-21,11380,65.0
2020-05-22,11428,48.0
2020-05-23,11487,59.0
2020-05-24,11559,72.0
2020-05-25,11586,27.0
2020-05-26,11627,41.0
2020-05-27,11680,53.0
2020-05-28,11712,32.0
2020-05-29,11793,81.0
2020-05-30,11833,40.0
2020-05-31,11869,36.0
2020-06-01,11899,30.0
2020-06-02,11934,35.0
2020-06-03,11971,37.0
2020-06-04,12011,40.0
2020-06-05,12075,64.0
2020-06-06,12124,49.0
2020-06-07,12148,24.0
2020-06-08,12162,14.0
2020-06-09,12201,39.0
2020-06-10,12216,15.0
2020-06-11,12235,19.0
2020-06-12,12299,64.0
2020-06-13,12339,40.0
2020-06-14,12393,54.0
2020-06-15,12417,24.0
2020-06-16,12450,33.0
2020-06-17,12494,44.0
2020-06-18,12544,50.0
2020-06-19,12591,47.0
2020-06-20,12591,0.0
2020-06-21,12591,0.0
2020-06-22,12727,136.0
2020-06-23,12761,34.0
2020-06-24,12815,54.0
2020-06-25,12836,21.0
2020-06-26,12875,39.0
2020-06-27,12875,0.0
2020-06-28,12875,0.0
2020-06-29,12951,76.0
2020-06-30,12968,17.0
2020-07-01,12994,26.0
2020-07-02,13015,21.0
2020-07-03,13032,17.0
2020-07-04,13032,0.0
2020-07-05,13033,1.0
2020-07-06,13079,46.0
2020-07-07,13089,10.0
2020-07-08,13101,12.0
2020-07-09,13117,16.0
2020-07-10,13147,30.0
2020-07-11,13147,0.0
2020-07-12,13147,0.0
2020-07-13,13238,91.0
2020-07-14,13262,24.0
2020-07-15,13293,31.0
2020-07-16,13325,32.0
2020-07-17,13374,49.0
2020-07-18,13374,0.0
2020-07-19,13377,3.0
2020-07-20,13466,89.0
2020-07-21,13506,40.0
2020-07-22,13554,48.0
2020-07-23,13594,40.0
2020-07-24,13642,48.0
2020-07-25,13643,1.0
2020-07-26,13665,22.0
2020-07-27,13775,110.0
2020-07-28,13811,36.0
2020-07-29,13868,57.0
2020-07-30,13964,96.0
2020-07-31,14028,64.0
2020-08-01,14028,0.0
2020-08-02,14028,0.0
2020-08-03,14235,207.0
2020-08-04,14314,79.0
2020-08-05,14440,126.0
2020-08-06,14586,146.0
2020-08-07,14747,161.0
2020-08-08,14751,4.0
2020-08-09,14759,8.0
2020-08-10,15135,376.0
2020-08-11,15291,156.0
2020-08-12,15423,132.0
2020-08-13,15590,167.0
2020-08-14,15758,168.0
2020-08-15,15867,109.0
2020-08-16,16003,136.0
2020-08-17,16127,124.0
2020-08-18,16246,119.0
2020-08-19,16336,90.0
2020-08-20,16453,117.0
2020-08-21,16525,72.0
2020-08-22,16637,112.0
2020-08-23,16715,78.0
2020-08-24,16821,106.0
2020-08-25,16905,84.0
2020-08-26,16962,57.0
2020-08-27,17052,90.0
2020-08-28,17125,73.0
2020-08-29,17204,79.0
2020-08-30,17316,112.0
2020-08-31,17410,94.0
2020-09-01,17509,99.0
2020-09-02,17620,111.0
2020-09-03,17800,180.0
2020-09-04,17974,174.0
2020-09-05,18163,189.0
2020-09-06,18310,147.0
2020-09-07,18540,230.0
2020-09-08,18784,244.0
2020-09-09,19036,252.0
2020-09-10,19353,317.0
2020-09-11,19646,293.0
2020-09-12,19989,343.0
2020-09-13,20327,338.0
2020-09-14,20674,347.0
2020-09-15,21013,339.0
2020-09-16,21013,0.0
2020-09-17,21836,823.0
2020-09-18,22291,455.0
2020-09-19,22881,590.0
2020-09-20,23353,472.0
2020-09-21,23774,421.0
2020-09-22,24261,487.0
2020-09-23,24822,561.0
2020-09-24,25385,563.0
2020-09-25,26066,681.0
2020-09-26,26687,621.0
2020-09-27,27111,424.0
2020-09-28,27546,435.0
2020-09-29,27941,395.0
2020-09-30,28479,538.0
2020-10-01,28882,403.0
2020-10-02,29418,536.0
2020-10-03,29789,371.0
2020-10-04,30168,379.0
2020-10-05,30546,378.0
2020-10-06,30868,322.0
2020-10-07,31201,333.0
2020-10-08,31648,447.0
2020-10-09,32131,483.0
2020-10-10,32575,444.0
2020-10-11,32915,340.0
2020-10-12,33304,389.0
2020-10-13,33594,290.0
2020-10-14,34087,493.0
2020-10-15,34519,432.0
2020-10-16,34939,420.0
2020-10-17,35440,501.0
2020-10-18,35893,453.0
2020-10-19,36345,452.0
2020-10-20,36877,532.0
2020-10-21,37507,630.0
2020-10-22,38270,763.0
2020-10-23,39129,859.0
2020-10-24,39918,789.0
2020-10-25,40863,945.0
2020-10-26,41919,1056.0
2020-10-27,42668,749.0
2020-10-28,43685,1017.0
2020-10-29,44545,860.0
2020-10-30,45736,1191.0
2020-10-31,46863,1127.0
2020-11-01,47811,948.0
2020-11-02,48753,942.0
2020-11-03,50106,1353.0
2020-11-04,51042,936.0
2020-11-05,52265,1223.0
2020-11-06,53692,1427.0
2020-11-07,54742,1050.0
2020-11-08,55635,893.0
2020-11-09,56406,771.0
2020-11-10,57472,1066.0
2020-11-11,58466,994.0
2020-11-12,59478,1012.0
2020-11-13,60515,1037.0
2020-11-14,61593,1078.0
2020-11-15,62652,1059.0
2020-11-16,63847,1195.0
2020-11-17,65067,1220.0
2020-11-18,66324,1257.0
2020-11-19,67621,1297.0
2020-11-20,68878,1257.0
2020-11-21,70152,1274.0
2020-11-22,71003,851.0
2020-11-23,72172,1169.0
2020-11-24,73539,1367.0
2020-11-25,74722,1183.0
2020-11-26,75913,1191.0
2020-11-27,77236,1323.0
2020-11-28,78874,1638.0
2020-11-29,79872,998.0
2020-11-30,81002,1130.0
2020-12-01,82470,1468.0
2020-12-02,84056,1586.0
2020-12-03,85663,1607.0
