date,cases,daily_change
2020-01-22,548,
2020-01-23,643,95.0
2020-01-24,920,277.0
2020-01-25,1406,486.0
2020-01-26,2075,669.0
2020-01-27,2877,802.0
2020-01-28,5509,2632.0
2020-01-29,6087,578.0
2020-01-30,8141,2054.0
2020-01-31,9802,1661.0
2020-02-01,11891,2089.0
2020-02-02,16630,4739.0
2020-02-03,19716,3086.0
2020-02-04,23707,3991.0
2020-02-05,27440,3733.0
2020-02-06,30587,3147.0
2020-02-07,34110,3523.0
2020-02-08,36814,2704.0
2020-02-09,39829,3015.0
2020-02-10,42354,2525.0
2020-02-11,44386,2032.0
2020-02-12,44759,373.0
2020-02-13,59895,15136.0
2020-02-14,66358,6463.0
2020-02-15,68413,2055.0
2020-02-16,70513,2100.0
2020-02-17,72434,1921.0
2020-02-18,74211,1777.0
2020-02-19,74619,408.0
2020-02-20,75077,458.0
2020-02-21,75550,473.0
2020-02-22,77001,1451.0
2020-02-23,77022,21.0
2020-02-24,77241,219.0
2020-02-25,77754,513.0
2020-02-26,78166,412.0
2020-02-27,78600,434.0
2020-02-28,78928,328.0
2020-02-29,79356,428.0
2020-03-01,79932,576.0
2020-03-02,80136,204.0
2020-03-03,80261,125.0
2020-03-04,80386,125.0
2020-03-05,80537,151.0
2020-03-06,80690,153.0
2020-03-07,80770,80.0
2020-03-08,80823,53.0
2020-03-09,80860,37.0
2020-03-10,80887,27.0
2020-03-11,80921,34.0
2020-03-12,80932,11.0
2020-03-13,80945,13.0
2020-03-14,80977,32.0
2020-03-15,81003,26.0
2020-03-16,81033,30.0
2020-03-17,81058,25.0
2020-03-18,81102,44.0
2020-03-19,81156,54.0
2020-03-20,81250,94.0
2020-03-21,81305,55.0
2020-03-22,81435,130.0
2020-03-23,81498,63.0
2020-03-24,81591,93.0
2020-03-25,81661,70.0
2020-03-26,81782,121.0
2020-03-27,81897,115.0
2020-03-28,81999,102.0
2020-03-29,82122,123.0
2020-03-30,82198,76.0
2020-03-31,82279,81.0
2020-04-01,82361,82.0
2020-04-02,82432,71.0
2020-04-03,82511,79.0
2020-04-04,82543,32.0
2020-04-05,82602,59.0
2020-04-06,82665,63.0
2020-04-07,82718,53.0
2020-04-08,82809,91.0
2020-04-09,82883,74.0
2020-04-10,82941,58.0
2020-04-11,83014,73.0
2020-04-12,83134,120.0
2020-04-13,83213,79.0
2020-04-14,83306,93.0
2020-04-15,83356,50.0
2020-04-16,83403,47.0
2020-04-17,83760,357.0
2020-04-18,83787,27.0
2020-04-19,83805,18.0
2020-04-20,83817,12.0
2020-04-21,83853,36.0
2020-04-22,83868,15.0
2020-04-23,83884,16.0
2020-04-24,83899,15.0
2020-04-25,83909,10.0
2020-04-26,83912,3.0
2020-04-27,83918,6.0
2020-04-28,83940,22.0
2020-04-29,83944,4.0
2020-04-30,83956,12.0
2020-05-01,83959,3.0
2020-05-02,83959,0.0
2020-05-03,83964,5.0
2020-05-04,83966,2.0
2020-05-05,83968,2.0
2020-05-06,83970,2.0
2020-05-07,83975,5.0
2020-05-08,83976,1.0
2020-05-09,83990,14.0
2020-05-10,84010,20.0
2020-05-11,84011,1.0
2020-05-12,84018,7.0
2020-05-13,84024,6.0
2020-05-14,84029,5.0
2020-05-15,84038,9.0
2020-05-16,84044,6.0
2020-05-17,84054,10.0
2020-05-18,84063,9.0
2020-05-19,84063,0.0
2020-05-20,84063,0.0
2020-05-21,84063,0.0
2020-05-22,84081,18.0
2020-05-23,84084,3.0
2020-05-24,84095,11.0
2020-05-25,84102,7.0
2020-05-26,84103,1.0
2020-05-27,84106,3.0
2020-05-28,84106,0.0
2020-05-29,84123,17.0
2020-05-30,84128,5.0
2020-05-31,84146,18.0
2020-06-01,84154,8.0
2020-06-02,84161,7.0
2020-06-03,84160,-1.0
2020-06-04,84171,11.0
2020-06-05,84177,6.0
2020-06-06,84186,9.0
2020-06-07,84191,5.0
2020-06-08,84195,4.0
2020-06-09,84198,3.0
2020-06-10,84209,11.0
2020-06-11,84216,7.0
2020-06-12,84228,12.0
2020-06-13,84286,58.0
2020-06-14,84335,49.0
2020-06-15,84378,43.0
2020-06-16,84422,44.0
2020-06-17,84458,36.0
2020-06-18,84494,36.0
2020-06-19,84494,0.0
2020-06-20,84553,59.0
2020-06-21,84572,19.0
2020-06-22,84624,52.0
2020-06-23,84653,29.0
2020-06-24,84673,20.0
2020-06-25,84701,28.0
2020-06-26,84725,24.0
2020-06-27,84743,18.0
2020-06-28,84757,14.0
2020-06-29,84780,23.0
2020-06-30,84785,5.0
2020-07-01,84816,31.0
2020-07-02,84830,14.0
2020-07-03,84838,8.0
2020-07-04,84857,19.0
2020-07-05,84871,14.0
2020-07-06,84889,18.0
2020-07-07,84917,28.0
2020-07-08,84950,33.0
2020-07-09,84992,42.0
2020-07-10,84992,0.0
2020-07-11,85071,79.0
2020-07-12,85117,46.0
2020-07-13,85117,0.0
2020-07-14,85226,109.0
2020-07-15,85246,20.0
2020-07-16,85327,81.0
2020-07-17,85402,75.0
2020-07-18,85418,16.0
2020-07-19,85503,85.0
2020-07-20,85622,119.0
2020-07-21,85708,86.0
2020-07-22,85906,198.0
2020-07-23,86045,139.0
2020-07-24,86202,157.0
2020-07-25,86381,179.0
2020-07-26,86570,189.0
2020-07-27,86783,213.0
2020-07-28,86990,207.0
2020-07-29,87213,223.0
2020-07-30,87489,276.0
2020-07-31,87655,166.0
2020-08-01,87827,172.0
2020-08-02,87985,158.0
2020-08-03,88099,114.0
2020-08-04,88206,107.0
2020-08-05,88328,122.0
2020-08-06,88460,132.0
2020-08-07,88580,120.0
2020-08-08,88672,92.0
2020-08-09,88793,121.0
2020-08-10,88906,113.0
2020-08-11,88958,52.0
2020-08-12,89045,87.0
2020-08-13,89144,99.0
2020-08-14,89214,70.0
2020-08-15,89279,65.0
2020-08-16,89375,96.0
2020-08-17,89441,66.0
2020-08-18,89494,53.0
2020-08-19,89527,33.0
2020-08-20,89567,40.0
2020-08-21,89616,49.0
2020-08-22,89654,38.0
2020-08-23,89695,41.0
2020-08-24,89718,23.0
2020-08-25,89752,34.0
2020-08-26,89784,32.0
2020-08-27,89814,30.0
2020-08-28,89836,22.0
2020-08-29,89863,27.0
2020-08-30,89895,32.0
2020-08-31,89914,19.0
2020-09-01,89933,19.0
2020-09-02,89953,20.0
2020-09-03,89986,33.0
2020-09-04,90008,22.0
2020-09-05,90025,17.0
2020-09-06,90058,33.0
2020-09-07,90078,20.0
2020-09-08,90087,9.0
2020-09-09,90100,13.0
2020-09-10,90127,27.0
2020-09-11,90145,18.0
2020-09-12,90168,23.0
2020-09-13,90197,29.0
2020-09-14,90219,22.0
2020-09-15,90235,16.0
2020-09-16,90253,18.0
2020-09-17,90294,41.0
2020-09-18,90311,17.0
2020-09-19,90334,23.0
2020-09-20,90369,35.0
2020-09-21,90381,12.0
2020-09-22,90399,18.0
2020-09-23,90409,10.0
2020-09-24,90424,15.0
2020-09-25,90441,17.0
2020-09-26,90456,15.0
2020-09-27,90483,27.0
2020-09-28,90505,22.0
2020-09-29,90528,23.0
2020-09-30,90545,17.0
2020-10-01,90567,22.0
2020-10-02,90584,17.0
2020-10-03,90604,20.0
2020-10-04,90629,25.0
2020-10-05,90652,23.0
2020-10-06,90667,15.0
2020-10-07,90687,20.0
2020-10-08,90728,41.0
2020-10-09,90751,23.0
2020-10-10,90778,27.0
2020-10-11,90812,34.0
2020-10-12,90830,18.0
2020-10-13,90858,28.0
2020-10-14,90869,11.0
2020-10-15,90905,36.0
2020-10-16,90925,20.0
2020-10-17,90955,30.0
2020-10-18,90972,17.0
2020-10-19,91006,34.0
2020-10-20,91022,16.0
2020-10-21,91044,22.0
2020-10-22,91073,29.0
2020-10-23,91108,35.0
2020-10-24,91128,20.0
2020-10-25,91151,23.0
2020-10-26,91175,24.0
2020-10-27,91222,47.0
2020-10-28,91271,49.0
2020-10-29,91299,28.0
2020-10-30,91339,40.0
2020-10-31,91366,27.0
2020-11-01,91397,31.0
2020-11-02,91452,55.0
2020-11-03,91478,26.0
2020-11-04,91509,31.0
2020-11-05,91552,43.0
2020-11-06,91591,39.0
2020-11-07,91622,31.0
2020-11-08,91665,43.0
2020-11-09,91693,28.0
2020-11-10,91719,26.0
2020-11-11,91752,33.0
2020-11-12,91783,31.0
2020-11-13,91807,24.0
2020-11-14,91828,21.0
2020-11-15,91850,22.0
2020-11-16,91872,22.0
2020-11-17,91885,13.0
2020-11-18,91906,21.0
2020-11-19,91935,29.0
2020-11-20,91977,42.0
2020-11-21,92037,60.0
2020-11-22,92116,79.0
2020-11-23,92211,95.0
2020-11-24,92296,85.0
2020-11-25,92402,106.0
2020-11-26,92488,86.0
2020-11-27,92586,98.0
2020-11-28,92681,95.0
2020-11-29,92814,133.0
2020-11-30,92902,88.0
2020-12-01,92993,91.0
2020-12-02,93113,120.0
2020-12-03,93221,108.0
