date,cases,daily_change
2020-01-22,0,
2020-01-23,0,0.0
2020-01-24,0,0.0
2020-01-25,0,0.0
2020-01-26,0,0.0
2020-01-27,0,0.0
2020-01-28,0,0.0
2020-01-29,1,1.0
2020-01-30,1,0.0
2020-01-31,1,0.0
2020-02-01,1,0.0
2020-02-02,1,0.0
2020-02-03,1,0.0
2020-02-04,1,0.0
2020-02-05,1,0.0
2020-02-06,1,0.0
2020-02-07,1,0.0
2020-02-08,1,0.0
2020-02-09,1,0.0
2020-02-10,1,0.0
2020-02-11,1,0.0
2020-02-12,1,0.0
2020-02-13,1,0.0
2020-02-14,1,0.0
2020-02-15,1,0.0
2020-02-16,1,0.0
2020-02-17,1,0.0
2020-02-18,1,0.0
2020-02-19,1,0.0
2020-02-20,1,0.0
2020-02-21,1,0.0
2020-02-22,1,0.0
2020-02-23,1,0.0
2020-02-24,1,0.0
2020-02-25,1,0.0
2020-02-26,2,1.0
2020-02-27,2,0.0
2020-02-28,2,0.0
2020-02-29,3,1.0
2020-03-01,6,3.0
2020-03-02,6,0.0
2020-03-03,6,0.0
2020-03-04,6,0.0
2020-03-05,12,6.0
2020-03-06,15,3.0
2020-03-07,15,0.0
2020-03-08,23,8.0
2020-03-09,30,7.0
2020-03-10,40,10.0
2020-03-11,59,19.0
2020-03-12,59,0.0
2020-03-13,155,96.0
2020-03-14,225,70.0
2020-03-15,244,19.0
2020-03-16,277,33.0
2020-03-17,321,44.0
2020-03-18,336,15.0
2020-03-19,400,64.0
2020-03-20,450,50.0
2020-03-21,523,73.0
2020-03-22,626,103.0
2020-03-23,700,74.0
2020-03-24,792,92.0
2020-03-25,880,88.0
2020-03-26,958,78.0
2020-03-27,1041,83.0
2020-03-28,1167,126.0
2020-03-29,1240,73.0
2020-03-30,1352,112.0
2020-03-31,1418,66.0
2020-04-01,1446,28.0
2020-04-02,1518,72.0
2020-04-03,1615,97.0
2020-04-04,1882,267.0
2020-04-05,1927,45.0
2020-04-06,2176,249.0
2020-04-07,2308,132.0
2020-04-08,2487,179.0
2020-04-09,2605,118.0
2020-04-10,2769,164.0
2020-04-11,2905,136.0
2020-04-12,2974,69.0
2020-04-13,3064,90.0
2020-04-14,3161,97.0
2020-04-15,3237,76.0
2020-04-16,3369,132.0
2020-04-17,3489,120.0
2020-04-18,3681,192.0
2020-04-19,3783,102.0
2020-04-20,3868,85.0
2020-04-21,4014,146.0
2020-04-22,4129,115.0
2020-04-23,4284,155.0
2020-04-24,4395,111.0
2020-04-25,4475,80.0
2020-04-26,4576,101.0
2020-04-27,4695,119.0
2020-04-28,4740,45.0
2020-04-29,4906,166.0
2020-04-30,4995,89.0
2020-05-01,5051,56.0
2020-05-02,5176,125.0
2020-05-03,5254,78.0
2020-05-04,5327,73.0
2020-05-05,5412,85.0
2020-05-06,5573,161.0
2020-05-07,5673,100.0
2020-05-08,5738,65.0
2020-05-09,5880,142.0
2020-05-10,5962,82.0
2020-05-11,5984,22.0
2020-05-12,6003,19.0
2020-05-13,6054,51.0
2020-05-14,6145,91.0
2020-05-15,6228,83.0
2020-05-16,6286,58.0
2020-05-17,6347,61.0
2020-05-18,6380,33.0
2020-05-19,6399,19.0
2020-05-20,6443,44.0
2020-05-21,6493,50.0
2020-05-22,6537,44.0
2020-05-23,6568,31.0
2020-05-24,6579,11.0
2020-05-25,6599,20.0
2020-05-26,6628,29.0
2020-05-27,6692,64.0
2020-05-28,6743,51.0
2020-05-29,6776,33.0
2020-05-30,6826,50.0
2020-05-31,6859,33.0
2020-06-01,6885,26.0
2020-06-02,6887,2.0
2020-06-03,6911,24.0
2020-06-04,6911,0.0
2020-06-05,6941,30.0
2020-06-06,6964,23.0
2020-06-07,6981,17.0
2020-06-08,7001,20.0
2020-06-09,7025,24.0
2020-06-10,7040,15.0
2020-06-11,7064,24.0
2020-06-12,7073,9.0
2020-06-13,7087,14.0
2020-06-14,7104,17.0
2020-06-15,7108,4.0
2020-06-16,7112,4.0
2020-06-17,7117,5.0
2020-06-18,7119,2.0
2020-06-19,7133,14.0
2020-06-20,7142,9.0
2020-06-21,7143,1.0
2020-06-22,7144,1.0
2020-06-23,7155,11.0
2020-06-24,7167,12.0
2020-06-25,7172,5.0
2020-06-26,7191,19.0
2020-06-27,7198,7.0
2020-06-28,7198,0.0
2020-06-29,7209,11.0
2020-06-30,7214,5.0
2020-07-01,7236,22.0
2020-07-02,7241,5.0
2020-07-03,7242,1.0
2020-07-04,7248,6.0
2020-07-05,7253,5.0
2020-07-06,7257,4.0
2020-07-07,7262,5.0
2020-07-08,7265,3.0
2020-07-09,7273,8.0
2020-07-10,7279,6.0
2020-07-11,7291,12.0
2020-07-12,7294,3.0
2020-07-13,7295,1.0
2020-07-14,7301,6.0
2020-07-15,7296,-5.0
2020-07-16,7293,-3.0
2020-07-17,7301,8.0
2020-07-18,7318,17.0
2020-07-19,7335,17.0
2020-07-20,7340,5.0
2020-07-21,7351,11.0
2020-07-22,7362,11.0
2020-07-23,7372,10.0
2020-07-24,7380,8.0
2020-07-25,7388,8.0
2020-07-26,7393,5.0
2020-07-27,7398,5.0
2020-07-28,7404,6.0
2020-07-29,7414,10.0
2020-07-30,7423,9.0
2020-07-31,7432,9.0
2020-08-01,7443,11.0
2020-08-02,7453,10.0
2020-08-03,7466,13.0
2020-08-04,7483,17.0
2020-08-05,7512,29.0
2020-08-06,7532,20.0
2020-08-07,7554,22.0
2020-08-08,7568,14.0
2020-08-09,7584,16.0
2020-08-10,7601,17.0
2020-08-11,7623,22.0
2020-08-12,7642,19.0
2020-08-13,7683,41.0
2020-08-14,7700,17.0
2020-08-15,7720,20.0
2020-08-16,7731,11.0
2020-08-17,7752,21.0
2020-08-18,7776,24.0
2020-08-19,7805,29.0
2020-08-20,7842,37.0
2020-08-21,7871,29.0
2020-08-22,7906,35.0
2020-08-23,7920,14.0
2020-08-24,7938,18.0
2020-08-25,7981,43.0
2020-08-26,8002,21.0
2020-08-27,8019,17.0
2020-08-28,8042,23.0
2020-08-29,8049,7.0
2020-08-30,8077,28.0
2020-08-31,8086,9.0
2020-09-01,8142,56.0
2020-09-02,8161,19.0
2020-09-03,8200,39.0
2020-09-04,8225,25.0
2020-09-05,8261,36.0
2020-09-06,8291,30.0
2020-09-07,8327,36.0
2020-09-08,8337,10.0
2020-09-09,8430,93.0
2020-09-10,8469,39.0
2020-09-11,8512,43.0
2020-09-12,8557,45.0
2020-09-13,8580,23.0
2020-09-14,8627,47.0
2020-09-15,8725,98.0
2020-09-16,8750,25.0
2020-09-17,8799,49.0
2020-09-18,8858,59.0
2020-09-19,8922,64.0
2020-09-20,8980,58.0
2020-09-21,9046,66.0
2020-09-22,9195,149.0
2020-09-23,9288,93.0
2020-09-24,9379,91.0
2020-09-25,9484,105.0
2020-09-26,9577,93.0
2020-09-27,9682,105.0
2020-09-28,9743,61.0
2020-09-29,9892,149.0
2020-09-30,9992,100.0
2020-10-01,10103,111.0
2020-10-02,10244,141.0
2020-10-03,10391,147.0
2020-10-04,10538,147.0
2020-10-05,10702,164.0
2020-10-06,10929,227.0
2020-10-07,11049,120.0
2020-10-08,11345,296.0
2020-10-09,11580,235.0
2020-10-10,11849,269.0
2020-10-11,11998,149.0
2020-10-12,12212,214.0
2020-10-13,12499,287.0
2020-10-14,12703,204.0
2020-10-15,12944,241.0
2020-10-16,13133,189.0
2020-10-17,13293,160.0
2020-10-18,13424,131.0
2020-10-19,13555,131.0
2020-10-20,13849,294.0
2020-10-21,14071,222.0
2020-10-22,14255,184.0
2020-10-23,14474,219.0
2020-10-24,14652,178.0
2020-10-25,14848,196.0
2020-10-26,14970,122.0
2020-10-27,15163,193.0
2020-10-28,15378,215.0
2020-10-29,15566,188.0
2020-10-30,15910,344.0
2020-10-31,16113,203.0
2020-11-01,16291,178.0
2020-11-02,16400,109.0
2020-11-03,16637,237.0
2020-11-04,16930,293.0
2020-11-05,17119,189.0
2020-11-06,17385,266.0
2020-11-07,17385,0.0
2020-11-08,17797,412.0
2020-11-09,17887,90.0
2020-11-10,18107,220.0
2020-11-11,18345,238.0
2020-11-12,18542,197.0
2020-11-13,18858,316.0
2020-11-14,19102,244.0
2020-11-15,19315,213.0
2020-11-16,19419,104.0
2020-11-17,19647,228.0
2020-11-18,19935,288.0
2020-11-19,20286,351.0
2020-11-20,20747,461.0
2020-11-21,21216,469.0
2020-11-22,21639,423.0
2020-11-23,21936,297.0
2020-11-24,22289,353.0
2020-11-25,22652,363.0
2020-11-26,23148,496.0
2020-11-27,23766,618.0
2020-11-28,24307,541.0
2020-11-29,24629,322.0
2020-11-30,24912,283.0
2020-12-01,25462,550.0
2020-12-02,25882,420.0
2020-12-03,26422,540.0
