date,cases,daily_change
2020-01-22,0,
2020-01-23,0,0.0
2020-01-24,0,0.0
2020-01-25,0,0.0
2020-01-26,0,0.0
2020-01-27,0,0.0
2020-01-28,0,0.0
2020-01-29,0,0.0
2020-01-30,0,0.0
2020-01-31,0,0.0
2020-02-01,0,0.0
2020-02-02,0,0.0
2020-02-03,0,0.0
2020-02-04,0,0.0
2020-02-05,0,0.0
2020-02-06,0,0.0
2020-02-07,0,0.0
2020-02-08,0,0.0
2020-02-09,0,0.0
2020-02-10,0,0.0
2020-02-11,0,0.0
2020-02-12,0,0.0
2020-02-13,0,0.0
2020-02-14,0,0.0
2020-02-15,0,0.0
2020-02-16,0,0.0
2020-02-17,0,0.0
2020-02-18,0,0.0
2020-02-19,0,0.0
2020-02-20,0,0.0
2020-02-21,0,0.0
2020-02-22,0,0.0
2020-02-23,0,0.0
2020-02-24,0,0.0
2020-02-25,0,0.0
2020-02-26,0,0.0
2020-02-27,0,0.0
2020-02-28,1,1.0
2020-02-29,4,3.0
2020-03-01,5,1.0
2020-03-02,5,0.0
2020-03-03,5,0.0
2020-03-04,5,0.0
2020-03-05,5,0.0
2020-03-06,6,1.0
2020-03-07,6,0.0
2020-03-08,7,1.0
2020-03-09,7,0.0
2020-03-10,7,0.0
2020-03-11,8,1.0
2020-03-12,12,4.0
2020-03-13,26,14.0
2020-03-14,41,15.0
2020-03-15,53,12.0
2020-03-16,82,29.0
2020-03-17,93,11.0
2020-03-18,118,25.0
2020-03-19,164,46.0
2020-03-20,203,39.0
2020-03-21,251,48.0
2020-03-22,316,65.0
2020-03-23,367,51.0
2020-03-24,405,38.0
2020-03-25,475,70.0
2020-03-26,585,110.0
2020-03-27,717,132.0
2020-03-28,848,131.0
2020-03-29,993,145.0
2020-03-30,1094,101.0
2020-03-31,1215,121.0
2020-04-01,1378,163.0
2020-04-02,1510,132.0
2020-04-03,1688,178.0
2020-04-04,1890,202.0
2020-04-05,2143,253.0
2020-04-06,2439,296.0
2020-04-07,2785,346.0
2020-04-08,3181,396.0
2020-04-09,3441,260.0
2020-04-10,3844,403.0
2020-04-11,4219,375.0
2020-04-12,4661,442.0
2020-04-13,5014,353.0
2020-04-14,5399,385.0
2020-04-15,5847,448.0
2020-04-16,6297,450.0
2020-04-17,6875,578.0
2020-04-18,7497,622.0
2020-04-19,8261,764.0
2020-04-20,8772,511.0
2020-04-21,9501,729.0
2020-04-22,10544,1043.0
2020-04-23,11633,1089.0
2020-04-24,12872,1239.0
2020-04-25,13842,970.0
2020-04-26,14677,835.0
2020-04-27,15529,852.0
2020-04-28,16752,1223.0
2020-04-29,17799,1047.0
2020-04-30,19224,1425.0
2020-05-01,20739,1515.0
2020-05-02,22088,1349.0
2020-05-03,23471,1383.0
2020-05-04,24905,1434.0
2020-05-05,26025,1120.0
2020-05-06,27634,1609.0
2020-05-07,29616,1982.0
2020-05-08,31522,1906.0
2020-05-09,33460,1938.0
2020-05-10,35022,1562.0
2020-05-11,36327,1305.0
2020-05-12,38324,1997.0
2020-05-13,40186,1862.0
2020-05-14,42595,2409.0
2020-05-15,45032,2437.0
2020-05-16,47144,2112.0
2020-05-17,49219,2075.0
2020-05-18,51633,2414.0
2020-05-19,54346,2713.0
2020-05-20,56594,2248.0
2020-05-21,59567,2973.0
2020-05-22,62527,2960.0
2020-05-23,65856,3329.0
2020-05-24,68620,2764.0
2020-05-25,71105,2485.0
2020-05-26,74560,3455.0
2020-05-27,78023,3463.0
2020-05-28,81400,3377.0
2020-05-29,84627,3227.0
2020-05-30,87512,2885.0
2020-05-31,90664,3152.0
2020-06-01,93435,2771.0
2020-06-02,97326,3891.0
2020-06-03,101238,3912.0
2020-06-04,105680,4442.0
2020-06-05,110026,4346.0
2020-06-06,113619,3593.0
2020-06-07,117103,3484.0
2020-06-08,120102,2999.0
2020-06-09,124301,4199.0
2020-06-10,129184,4883.0
2020-06-11,133974,4790.0
2020-06-12,139196,5222.0
2020-06-13,142690,3494.0
2020-06-14,146837,4147.0
2020-06-15,150264,3427.0
2020-06-16,154863,4599.0
2020-06-17,159793,4930.0
2020-06-18,165455,5662.0
2020-06-19,170485,5030.0
2020-06-20,175202,4717.0
2020-06-21,180545,5343.0
2020-06-22,185122,4577.0
2020-06-23,191410,6288.0
2020-06-24,196847,5437.0
2020-06-25,202951,6104.0
2020-06-26,208392,5441.0
2020-06-27,212802,4410.0
2020-06-28,216852,4050.0
2020-06-29,220657,3805.0
2020-06-30,226089,5432.0
2020-07-01,231770,5681.0
2020-07-02,238511,6741.0
2020-07-03,245251,6740.0
2020-07-04,252165,6914.0
2020-07-05,256848,4683.0
2020-07-06,261750,4902.0
2020-07-07,268008,6258.0
2020-07-08,275003,6995.0
2020-07-09,282283,7280.0
2020-07-10,289174,6891.0
2020-07-11,295268,6094.0
2020-07-12,299750,4482.0
2020-07-13,304435,4685.0
2020-07-14,311486,7051.0
2020-07-15,317635,6149.0
2020-07-16,324041,6406.0
2020-07-17,331298,7257.0
2020-07-18,338913,7615.0
2020-07-19,344224,5311.0
2020-07-20,349396,5172.0
2020-07-21,356255,6859.0
2020-07-22,362274,6019.0
2020-07-23,370712,8438.0
2020-07-24,378285,7573.0
2020-07-25,385036,6751.0
2020-07-26,390516,5480.0
2020-07-27,395489,4973.0
2020-07-28,402697,7208.0
2020-07-29,408449,5752.0
2020-07-30,416179,7730.0
2020-07-31,424637,8458.0
2020-08-01,434193,9556.0
2020-08-02,439046,4853.0
2020-08-03,443813,4767.0
2020-08-04,449961,6148.0
2020-08-05,456100,6139.0
2020-08-06,462690,6590.0
2020-08-07,469407,6717.0
2020-08-08,475902,6495.0
2020-08-09,480278,4376.0
2020-08-10,485836,5558.0
2020-08-11,492522,6686.0
2020-08-12,498380,5858.0
2020-08-13,505751,7371.0
2020-08-14,511369,5618.0
2020-08-15,517714,6345.0
2020-08-16,522162,4448.0
2020-08-17,525733,3571.0
2020-08-18,531239,5506.0
2020-08-19,537031,5792.0
2020-08-20,543806,6775.0
2020-08-21,549734,5928.0
2020-08-22,556216,6482.0
2020-08-23,560164,3948.0
2020-08-24,563705,3541.0
2020-08-25,568621,4916.0
2020-08-26,573888,5267.0
2020-08-27,579914,6026.0
2020-08-28,585738,5824.0
2020-08-29,591712,5974.0
2020-08-30,595841,4129.0
2020-08-31,599560,3719.0
2020-09-01,606036,6476.0
2020-09-02,610957,4921.0
2020-09-03,616894,5937.0
2020-09-04,623090,6196.0
2020-09-05,629409,6319.0
2020-09-06,634023,4614.0
2020-09-07,637509,3486.0
2020-09-08,642860,5351.0
2020-09-09,647321,4461.0
2020-09-10,652364,5043.0
2020-09-11,658299,5935.0
2020-09-12,663973,5674.0
2020-09-13,668381,4408.0
2020-09-14,671716,3335.0
2020-09-15,676487,4771.0
2020-09-16,680931,4444.0
2020-09-17,684113,3182.0
2020-09-18,688954,4841.0
2020-09-19,694121,5167.0
2020-09-20,697663,3542.0
2020-09-21,700580,2917.0
2020-09-22,705263,4683.0
2020-09-23,710049,4786.0
2020-09-24,715457,5408.0
2020-09-25,720858,5401.0
2020-09-26,726431,5573.0
2020-09-27,730317,3886.0
2020-09-28,733717,3400.0
2020-09-29,738163,4446.0
2020-09-30,743216,5053.0
2020-10-01,748315,5099.0
2020-10-02,753090,4775.0
2020-10-03,757953,4863.0
2020-10-04,761665,3712.0
2020-10-05,789780,28115.0
2020-10-06,794608,4828.0
2020-10-07,799188,4580.0
2020-10-08,804488,5300.0
2020-10-09,810020,5532.0
2020-10-10,814328,4308.0
2020-10-11,817503,3175.0
2020-10-12,821045,3542.0
2020-10-13,825340,4295.0
2020-10-14,829396,4056.0
2020-10-15,834910,5514.0
2020-10-16,841661,6751.0
2020-10-17,847108,5447.0
2020-10-18,851227,4119.0
2020-10-19,854926,3699.0
2020-10-20,860714,5788.0
2020-10-21,867559,6845.0
2020-10-22,874171,6612.0
2020-10-23,880775,6604.0
2020-10-24,886800,6025.0
2020-10-25,891160,4360.0
2020-10-26,895326,4166.0
2020-10-27,901268,5942.0
2020-10-28,906863,5595.0
2020-10-29,912811,5948.0
2020-10-30,918811,6000.0
2020-10-31,924962,6151.0
2020-11-01,929392,4430.0
2020-11-02,933155,3763.0
2020-11-03,938405,5250.0
2020-11-04,943630,5225.0
2020-11-05,949197,5567.0
2020-11-06,955128,5931.0
2020-11-07,961938,6810.0
2020-11-08,967825,5887.0
2020-11-09,972785,4960.0
2020-11-10,978531,5746.0
2020-11-11,986177,7646.0
2020-11-12,991835,5658.0
2020-11-13,997393,5558.0
2020-11-14,1003253,5860.0
2020-11-15,1006522,3269.0
2020-11-16,1009396,2874.0
2020-11-17,1011153,1757.0
2020-11-18,1015071,3918.0
2020-11-19,1019543,4472.0
2020-11-20,1025969,6426.0
2020-11-21,1032688,6719.0
2020-11-22,1041875,9187.0
2020-11-23,1049358,7483.0
2020-11-24,1060152,10794.0
2020-11-25,1070487,10335.0
2020-11-26,1078594,8107.0
2020-11-27,1078594,0.0
2020-11-28,1101403,22809.0
2020-11-29,1107071,5668.0
2020-11-30,1113543,6472.0
2020-12-01,1122362,8819.0
2020-12-02,1133613,11251.0
2020-12-03,1144643,11030.0
